Rank,Name,Count,White,Black,API,AIAN,Two or More Races,Hispanic
1,SMITH,2442977,70.90%,23.11%,0.50%,0.89%,2.19%,2.40%
2,JOHNSON,1932812,58.97%,34.63%,0.54%,0.94%,2.56%,2.36%
3,WILLIAMS,1625252,45.75%,47.68%,0.46%,0.82%,2.81%,2.49%
4,BROWN,1437026,57.95%,35.60%,0.51%,0.87%,2.55%,2.52%
5,JONES,1425470,55.19%,38.48%,0.44%,1.00%,2.61%,2.29%
6,GARCIA,1166120,5.38%,0.45%,1.41%,0.47%,0.26%,92.03%
7,MILLER,1161437,84.11%,10.76%,0.54%,0.66%,1.77%,2.17%
8,DAVIS,1116357,62.20%,31.60%,0.49%,0.82%,2.45%,2.44%
9,RODRIGUEZ,1094924,4.75%,0.54%,0.57%,0.18%,0.18%,93.77%
10,MARTINEZ,1060159,5.28%,0.49%,0.60%,0.51%,0.22%,92.91%
11,HERNANDEZ,1043281,3.79%,0.36%,0.60%,0.19%,0.16%,94.89%
12,LOPEZ,874523,4.86%,0.57%,1.02%,0.38%,0.25%,92.92%
13,GONZALEZ,841025,4.03%,0.35%,0.38%,0.14%,0.13%,94.97%
14,WILSON,801882,67.36%,25.99%,0.60%,1.06%,2.38%,2.61%
15,ANDERSON,784404,75.17%,18.93%,0.61%,0.74%,2.11%,2.44%
16,THOMAS,756142,52.63%,38.75%,2.44%,1.07%,2.58%,2.54%
17,TAYLOR,751209,65.38%,28.42%,0.56%,0.76%,2.41%,2.46%
18,MOORE,724374,66.41%,27.74%,0.48%,0.68%,2.34%,2.34%
19,JACKSON,708099,39.89%,53.04%,0.39%,1.06%,3.12%,2.50%
20,MARTIN,702625,74.80%,15.76%,0.90%,0.98%,2.02%,5.56%
21,LEE,693023,35.95%,16.33%,42.22%,0.97%,2.64%,1.89%
22,PEREZ,681645,4.96%,0.45%,1.17%,0.20%,0.26%,92.95%
23,THOMPSON,664644,69.78%,23.57%,0.57%,1.22%,2.37%,2.49%
24,WHITE,660491,65.51%,28.17%,0.49%,1.07%,2.38%,2.38%
25,HARRIS,624252,51.40%,42.39%,0.47%,0.67%,2.80%,2.26%
26,SANCHEZ,612752,4.98%,0.45%,0.96%,0.37%,0.24%,92.99%
27,CLARK,562679,74.65%,19.02%,0.54%,1.01%,2.19%,2.58%
28,RAMIREZ,557423,3.89%,0.31%,0.93%,0.20%,0.19%,94.48%
29,LEWIS,531781,58.23%,34.84%,0.56%,1.20%,2.58%,2.58%
30,ROBINSON,529821,48.70%,44.93%,0.46%,0.53%,2.77%,2.61%
31,WALKER,523129,58.66%,35.05%,0.45%,0.87%,2.55%,2.41%
32,YOUNG,484447,66.26%,24.67%,3.03%,0.79%,2.66%,2.58%
33,ALLEN,482607,67.59%,26.17%,0.54%,0.86%,2.38%,2.47%
34,KING,465422,70.16%,22.76%,1.23%,0.98%,2.31%,2.55%
35,WRIGHT,458980,65.80%,28.23%,0.51%,0.69%,2.41%,2.36%
36,SCOTT,439530,60.21%,32.92%,0.51%,1.18%,2.59%,2.58%
37,TORRES,437813,5.35%,0.57%,1.43%,0.20%,0.28%,92.16%
38,NGUYEN,437645,0.95%,0.12%,96.45%,0.03%,1.83%,0.63%
39,HILL,434827,64.36%,29.12%,0.53%,0.97%,2.51%,2.51%
40,FLORES,433969,4.87%,0.42%,2.08%,0.34%,0.36%,91.94%
41,GREEN,430182,56.84%,36.97%,0.44%,0.64%,2.47%,2.64%
42,ADAMS,427865,74.02%,19.90%,0.56%,0.79%,2.16%,2.57%
43,NELSON,424958,77.66%,15.97%,0.67%,1.16%,2.00%,2.55%
44,BAKER,419586,79.83%,14.44%,0.56%,0.87%,2.02%,2.28%
45,HALL,407076,72.65%,21.59%,0.64%,0.65%,2.22%,2.25%
46,RIVERA,391114,5.40%,0.95%,2.04%,0.18%,0.37%,91.06%
47,CAMPBELL,386157,73.66%,20.47%,0.53%,0.71%,2.13%,2.49%
48,MITCHELL,384486,61.02%,32.50%,0.48%,1.04%,2.50%,2.47%
49,CARTER,376966,58.20%,35.59%,0.45%,0.78%,2.65%,2.34%
50,ROBERTS,376774,77.27%,16.72%,0.61%,0.85%,2.15%,2.40%
51,GOMEZ,365655,5.12%,0.75%,1.01%,0.26%,0.26%,92.60%
52,PHILLIPS,360802,76.69%,17.09%,0.58%,1.03%,2.17%,2.44%
53,EVANS,355593,68.39%,25.72%,0.47%,0.74%,2.30%,2.39%
54,TURNER,348627,64.25%,30.13%,0.42%,0.60%,2.38%,2.23%
55,DIAZ,347636,5.19%,0.65%,1.19%,0.16%,0.25%,92.56%
56,PARKER,336221,69.17%,24.79%,0.54%,0.88%,2.35%,2.26%
57,CRUZ,334201,5.17%,0.80%,5.19%,0.27%,0.70%,87.88%
58,EDWARDS,332423,62.13%,31.63%,0.50%,0.77%,2.47%,2.50%
59,COLLINS,329770,71.61%,22.43%,0.49%,0.77%,2.23%,2.47%
60,REYES,327904,4.41%,0.59%,5.58%,0.24%,0.59%,88.58%
61,STEWART,324957,69.17%,24.86%,0.48%,0.77%,2.24%,2.49%
62,MORRIS,318884,73.59%,20.08%,0.57%,0.98%,2.24%,2.55%
63,MORALES,311777,4.63%,0.57%,1.18%,0.17%,0.21%,93.23%
64,MURPHY,308417,83.11%,11.53%,0.58%,0.68%,1.76%,2.34%
65,COOK,302589,81.80%,12.55%,0.57%,0.92%,1.98%,2.17%
66,ROGERS,302261,75.40%,18.53%,0.54%,0.82%,2.10%,2.62%
67,GUTIERREZ,293218,4.57%,0.24%,1.40%,0.25%,0.20%,93.33%
68,ORTIZ,286899,4.96%,0.64%,0.67%,0.37%,0.25%,93.11%
69,MORGAN,286280,76.07%,17.27%,0.54%,1.24%,2.10%,2.78%
70,COOPER,280791,67.93%,26.13%,0.50%,0.74%,2.31%,2.40%
71,PETERSON,278297,84.39%,10.09%,0.66%,0.74%,1.72%,2.40%
72,BAILEY,277845,72.45%,22.00%,0.50%,0.62%,2.16%,2.28%
73,REED,277030,71.29%,22.63%,0.51%,1.05%,2.30%,2.22%
74,KELLY,267394,78.09%,16.22%,0.64%,0.54%,1.81%,2.69%
75,HOWARD,264826,64.31%,29.49%,0.50%,0.87%,2.46%,2.37%
76,RAMOS,263464,6.49%,0.98%,4.89%,0.19%,0.65%,86.79%
77,KIM,262352,2.52%,0.39%,94.47%,0.02%,1.96%,0.65%
78,COX,261231,82.62%,12.07%,0.50%,0.67%,1.82%,2.33%
79,WARD,260464,75.58%,18.50%,0.49%,0.91%,2.08%,2.44%
80,RICHARDSON,259798,59.70%,33.63%,0.48%,1.10%,2.44%,2.65%
81,WATSON,252579,66.03%,27.90%,0.53%,0.82%,2.30%,2.41%
82,BROOKS,251663,60.22%,33.47%,0.48%,0.79%,2.56%,2.48%
83,CHAVEZ,250898,5.02%,0.21%,0.65%,0.94%,0.23%,92.96%
84,WOOD,250715,88.72%,5.57%,0.66%,0.84%,1.79%,2.42%
85,JAMES,249379,51.58%,38.86%,1.27%,2.58%,2.64%,3.08%
86,BENNETT,247599,76.56%,17.53%,0.53%,0.88%,1.99%,2.50%
87,GRAY,246116,68.68%,25.13%,0.54%,0.91%,2.33%,2.41%
88,MENDOZA,242771,4.11%,0.35%,4.91%,0.24%,0.42%,89.97%
89,RUIZ,238234,5.17%,0.44%,1.03%,0.22%,0.24%,92.89%
90,HUGHES,236271,78.39%,16.13%,0.50%,0.53%,1.97%,2.47%
91,PRICE,235251,73.93%,20.51%,0.51%,0.66%,2.14%,2.24%
92,ALVAREZ,233983,5.18%,0.60%,1.16%,0.38%,0.23%,92.45%
93,CASTILLO,230420,4.92%,0.72%,3.04%,0.59%,0.46%,90.26%
94,SANDERS,230374,60.78%,32.97%,0.41%,0.84%,2.43%,2.57%
95,PATEL,229973,2.10%,0.38%,94.78%,0.65%,1.65%,0.44%
96,MYERS,229895,84.50%,10.54%,0.50%,0.55%,1.80%,2.10%
97,LONG,229374,79.88%,12.10%,2.48%,1.32%,1.97%,2.24%
98,ROSS,229368,68.96%,24.46%,0.61%,0.90%,2.32%,2.75%
99,FOSTER,227764,69.65%,23.94%,0.55%,0.88%,2.33%,2.65%
100,JIMENEZ,227118,3.84%,0.29%,1.49%,0.20%,0.21%,93.97%
101,POWELL,224874,67.20%,27.12%,0.46%,0.62%,2.29%,2.31%
102,JENKINS,222653,57.76%,36.78%,0.39%,0.57%,2.42%,2.07%
103,PERRY,221741,68.32%,25.20%,0.57%,0.81%,2.43%,2.67%
104,RUSSELL,221558,77.05%,16.69%,0.57%,1.05%,2.18%,2.46%
105,SULLIVAN,220990,87.73%,7.13%,0.60%,0.57%,1.59%,2.39%
106,BELL,220599,61.11%,32.35%,0.55%,1.01%,2.51%,2.46%
107,COLEMAN,219070,49.43%,44.60%,0.40%,0.53%,2.79%,2.25%
108,BUTLER,218847,62.36%,31.54%,0.45%,0.84%,2.45%,2.35%
109,HENDERSON,218393,59.63%,33.98%,0.45%,0.86%,2.56%,2.51%
110,BARNES,218241,64.81%,29.28%,0.48%,0.75%,2.35%,2.33%
111,GONZALES,214758,9.83%,0.99%,3.80%,0.76%,0.56%,84.06%
112,FISHER,214703,82.58%,11.79%,0.55%,0.76%,1.89%,2.43%
113,VASQUEZ,212781,5.06%,0.51%,0.73%,0.29%,0.24%,93.17%
114,SIMMONS,210182,57.91%,36.15%,0.47%,0.67%,2.52%,2.29%
115,ROMERO,208614,8.65%,0.50%,1.30%,0.69%,0.37%,88.50%
116,JORDAN,208403,61.44%,30.73%,0.55%,0.72%,2.45%,4.11%
117,PATTERSON,205423,67.27%,26.80%,0.47%,0.68%,2.35%,2.43%
118,ALEXANDER,204621,58.19%,34.04%,1.24%,0.70%,2.66%,3.17%
119,HAMILTON,201746,70.21%,23.71%,0.54%,0.80%,2.29%,2.45%
120,GRAHAM,201159,70.02%,23.99%,0.51%,0.80%,2.13%,2.55%
121,REYNOLDS,200247,81.08%,13.21%,0.52%,0.71%,2.02%,2.45%
122,GRIFFIN,198406,63.77%,30.81%,0.44%,0.47%,2.28%,2.21%
123,WALLACE,197276,69.24%,24.70%,0.51%,0.77%,2.31%,2.47%
124,MORENO,196925,6.09%,0.43%,0.67%,0.37%,0.22%,92.23%
125,WEST,195818,75.48%,18.48%,0.49%,0.83%,2.27%,2.45%
126,COLE,195289,75.33%,18.89%,0.55%,0.72%,2.10%,2.41%
127,HAYES,194246,69.38%,24.69%,0.49%,0.81%,2.34%,2.29%
128,BRYANT,192773,58.46%,35.58%,0.39%,0.89%,2.47%,2.21%
129,HERRERA,192711,4.92%,0.36%,0.96%,0.51%,0.22%,93.03%
130,GIBSON,190667,72.14%,21.78%,0.46%,0.97%,2.34%,2.31%
131,ELLIS,188968,70.36%,23.47%,0.54%,0.66%,2.24%,2.73%
132,TRAN,188498,1.35%,0.10%,96.00%,0.03%,1.70%,0.81%
133,MEDINA,188497,5.69%,0.60%,1.92%,0.30%,0.33%,91.16%
134,AGUILAR,186512,4.03%,0.26%,1.64%,0.52%,0.23%,93.32%
135,STEVENS,185674,81.44%,11.82%,0.64%,1.33%,2.04%,2.74%
136,MURRAY,184910,74.92%,19.29%,0.57%,0.60%,2.02%,2.60%
137,FORD,184832,62.05%,32.00%,0.45%,0.61%,2.52%,2.37%
138,CASTRO,184134,7.29%,0.66%,3.74%,0.24%,0.64%,87.42%
139,MARSHALL,183922,66.03%,27.51%,0.58%,0.96%,2.34%,2.58%
140,OWENS,182719,65.85%,28.41%,0.36%,0.75%,2.47%,2.17%
141,HARRISON,181091,68.66%,24.45%,0.52%,1.39%,2.27%,2.70%
142,FERNANDEZ,180842,8.77%,1.15%,5.38%,0.18%,0.93%,83.58%
143,MCDONALD,180497,76.65%,17.28%,0.55%,0.78%,2.01%,2.73%
144,WOODS,177425,58.30%,35.30%,0.42%,0.88%,2.74%,2.35%
145,WASHINGTON,177386,5.17%,87.53%,0.30%,0.68%,3.78%,2.54%
146,KENNEDY,176865,80.82%,13.63%,0.62%,0.61%,1.87%,2.45%
147,WELLS,176230,74.00%,20.00%,0.49%,0.87%,2.22%,2.41%
148,VARGAS,173835,5.41%,0.42%,0.85%,0.18%,0.22%,92.92%
149,HENRY,170964,61.43%,30.68%,0.84%,1.87%,2.34%,2.84%
150,CHEN,169580,1.40%,0.30%,96.12%,0.02%,1.64%,0.52%
151,FREEMAN,169149,65.50%,28.34%,0.52%,0.95%,2.38%,2.30%
152,WEBB,168878,75.53%,19.08%,0.46%,0.66%,1.99%,2.29%
153,TUCKER,167446,70.01%,24.17%,0.45%,0.78%,2.25%,2.35%
154,GUZMAN,167044,4.11%,0.42%,1.29%,0.15%,0.27%,93.77%
155,BURNS,165925,80.26%,14.06%,0.59%,0.78%,1.83%,2.48%
156,CRAWFORD,164457,68.56%,25.65%,0.49%,0.75%,2.30%,2.24%
157,OLSON,164035,94.76%,0.40%,0.66%,0.72%,1.43%,2.03%
158,SIMPSON,163181,70.78%,23.09%,0.53%,0.78%,2.30%,2.53%
159,PORTER,163054,68.57%,25.40%,0.55%,0.72%,2.31%,2.45%
160,HUNTER,162440,60.78%,32.69%,0.48%,1.02%,2.63%,2.41%
161,GORDON,161833,64.25%,29.15%,0.62%,0.68%,2.26%,3.04%
162,MENDEZ,161717,4.48%,0.78%,0.48%,0.24%,0.18%,93.83%
163,SILVA,161633,32.61%,2.03%,2.01%,0.39%,1.62%,61.34%
164,SHAW,160400,72.07%,21.19%,1.48%,0.75%,2.15%,2.36%
165,SNYDER,160262,94.07%,1.46%,0.59%,0.52%,1.45%,1.92%
166,MASON,160213,68.82%,25.10%,0.53%,0.76%,2.38%,2.41%
167,DIXON,159480,54.25%,39.26%,0.43%,0.96%,2.61%,2.49%
168,MUNOZ,158483,4.89%,0.30%,0.91%,0.21%,0.21%,93.48%
169,HUNT,158421,73.57%,16.93%,0.61%,4.23%,2.35%,2.31%
170,HICKS,158320,67.37%,26.88%,0.42%,0.98%,2.23%,2.13%
171,HOLMES,156780,56.79%,37.28%,0.42%,0.76%,2.37%,2.38%
172,PALMER,156601,75.08%,18.57%,0.55%,0.81%,2.11%,2.87%
173,WAGNER,155795,92.47%,2.60%,0.58%,0.54%,1.40%,2.41%
174,BLACK,154738,74.63%,19.00%,0.53%,1.44%,2.08%,2.33%
175,ROBERTSON,153666,73.42%,20.61%,0.52%,0.89%,2.11%,2.46%
176,BOYD,153469,63.18%,30.77%,0.51%,1.02%,2.36%,2.16%
177,ROSE,153397,82.08%,11.61%,0.72%,0.64%,1.99%,2.96%
178,STONE,153329,85.95%,8.13%,0.65%,0.95%,1.93%,2.39%
179,SALAZAR,152703,5.62%,0.27%,1.69%,0.46%,0.30%,91.65%
180,FOX,152334,88.08%,6.06%,0.56%,1.03%,1.84%,2.42%
181,WARREN,152147,70.08%,23.94%,0.55%,0.84%,2.26%,2.33%
182,MILLS,151942,77.50%,16.77%,0.51%,0.82%,2.06%,2.33%
183,MEYER,150895,94.84%,0.52%,0.71%,0.29%,1.37%,2.28%
184,RICE,149500,77.63%,16.74%,0.57%,0.74%,1.99%,2.33%
185,SCHMIDT,147034,95.15%,0.37%,0.61%,0.34%,1.19%,2.34%
186,GARZA,147005,6.66%,0.24%,0.17%,0.28%,0.15%,92.49%
187,DANIELS,146570,54.67%,38.54%,0.51%,0.91%,2.68%,2.70%
188,FERGUSON,146426,74.83%,19.19%,0.60%,0.62%,2.23%,2.53%
189,NICHOLS,145584,82.42%,11.88%,0.52%,0.76%,1.99%,2.43%
190,STEPHENS,144646,73.90%,20.31%,0.46%,0.67%,2.12%,2.54%
191,SOTO,144451,5.15%,0.48%,0.44%,0.26%,0.22%,93.45%
192,WEAVER,143837,84.41%,9.99%,0.52%,1.09%,1.87%,2.12%
193,RYAN,143452,91.65%,3.02%,0.89%,0.43%,1.46%,2.55%
194,GARDNER,142894,75.01%,19.40%,0.56%,0.70%,2.04%,2.29%
195,PAYNE,142601,71.55%,22.63%,0.45%,0.58%,2.37%,2.42%
196,GRANT,142277,55.36%,37.91%,0.52%,1.08%,2.35%,2.79%
197,DUNN,141427,80.08%,14.39%,0.75%,0.59%,1.94%,2.25%
198,KELLEY,140693,83.78%,10.80%,0.55%,0.66%,2.03%,2.18%
199,SPENCER,139951,69.41%,23.22%,0.76%,1.47%,2.48%,2.67%
200,HAWKINS,139751,61.08%,32.75%,0.48%,0.69%,2.50%,2.50%
201,ARNOLD,138893,81.27%,13.34%,0.57%,0.55%,1.87%,2.41%
202,PIERCE,138629,80.98%,12.86%,0.53%,1.06%,2.10%,2.47%
203,VAZQUEZ,138322,3.53%,0.35%,0.18%,0.06%,0.12%,95.75%
204,HANSEN,137977,94.22%,0.53%,0.74%,0.49%,1.47%,2.54%
205,PETERS,137513,82.86%,10.41%,0.98%,1.33%,1.86%,2.55%
206,SANTOS,137232,20.06%,2.31%,13.32%,0.27%,1.85%,62.20%
207,HART,137184,80.54%,13.64%,0.56%,0.73%,2.01%,2.52%
208,BRADLEY,136720,69.12%,25.09%,0.44%,0.82%,2.19%,2.34%
209,KNIGHT,136713,72.31%,21.61%,0.52%,0.90%,2.17%,2.50%
210,ELLIOTT,135765,81.62%,12.96%,0.54%,0.66%,2.00%,2.21%
211,CUNNINGHAM,135718,73.16%,21.18%,0.53%,0.48%,2.07%,2.58%
212,DUNCAN,135187,76.39%,17.33%,0.52%,0.99%,2.21%,2.55%
213,ARMSTRONG,135044,72.39%,21.01%,0.58%,0.93%,2.31%,2.79%
214,HUDSON,134963,66.88%,27.42%,0.46%,0.84%,2.20%,2.20%
215,CARROLL,134317,82.95%,11.48%,0.61%,0.67%,1.92%,2.36%
216,LANE,134227,77.14%,16.88%,0.61%,0.92%,2.12%,2.33%
217,RILEY,133872,72.79%,21.27%,0.51%,0.87%,2.08%,2.48%
218,ANDREWS,133799,71.78%,21.58%,0.78%,1.09%,2.20%,2.57%
219,ALVARADO,133501,4.29%,0.33%,0.53%,0.23%,0.20%,94.42%
220,RAY,133171,74.97%,17.54%,1.94%,0.93%,2.05%,2.56%
221,DELGADO,132985,5.57%,0.72%,0.80%,0.19%,0.25%,92.47%
222,BERRY,132812,70.66%,23.11%,0.56%,0.80%,2.34%,2.53%
223,PERKINS,131440,69.45%,24.60%,0.53%,0.73%,2.33%,2.37%
224,HOFFMAN,131401,94.08%,1.26%,0.63%,0.56%,1.34%,2.12%
225,JOHNSTON,131373,91.62%,2.41%,0.68%,0.83%,1.84%,2.62%
226,MATTHEWS,131303,63.37%,30.67%,0.62%,0.58%,2.36%,2.39%
227,PENA,130776,5.34%,0.52%,1.09%,0.31%,0.24%,92.50%
228,RICHARDS,130529,78.67%,14.86%,0.66%,1.04%,1.96%,2.81%
229,CONTRERAS,130164,4.19%,0.21%,0.55%,0.25%,0.16%,94.64%
230,WILLIS,130152,62.22%,31.07%,0.51%,1.33%,2.55%,2.31%
231,CARPENTER,129898,86.21%,8.49%,0.57%,0.68%,1.87%,2.18%
232,LAWRENCE,129699,68.87%,24.65%,0.74%,0.93%,2.30%,2.50%
233,SANDOVAL,128948,5.29%,0.21%,0.55%,1.77%,0.25%,91.93%
234,GUERRERO,128677,4.55%,0.33%,2.20%,0.22%,0.43%,92.27%
235,GEORGE,128625,66.47%,18.46%,7.62%,2.24%,2.04%,3.16%
236,CHAPMAN,127939,79.51%,14.62%,0.57%,0.81%,2.03%,2.47%
237,RIOS,127794,4.99%,0.44%,0.43%,0.32%,0.22%,93.61%
238,ESTRADA,127470,4.58%,0.43%,1.66%,0.20%,0.28%,92.86%
239,ORTEGA,127256,4.77%,0.29%,1.15%,0.43%,0.25%,93.11%
240,WATKINS,127083,62.03%,32.27%,0.42%,0.64%,2.56%,2.09%
241,GREENE,126101,67.70%,26.54%,0.48%,0.73%,2.34%,2.21%
242,NUNEZ,125350,5.28%,0.67%,0.83%,0.26%,0.23%,92.72%
243,WHEELER,125058,80.96%,13.29%,0.50%,0.93%,1.97%,2.35%
244,VALDEZ,124995,6.29%,0.48%,3.35%,0.65%,0.56%,88.66%
245,HARPER,124461,67.90%,26.22%,0.49%,0.72%,2.36%,2.31%
246,BURKE,122877,85.93%,8.76%,0.68%,0.54%,1.68%,2.41%
247,LARSON,122587,94.79%,0.49%,0.74%,0.62%,1.41%,1.95%
248,SANTIAGO,122212,5.41%,1.31%,4.50%,0.14%,0.58%,88.06%
249,MALDONADO,121526,4.97%,0.50%,0.40%,0.19%,0.23%,93.71%
250,MORRISON,121130,79.11%,14.82%,0.61%,0.98%,1.99%,2.49%
251,FRANKLIN,120621,54.38%,38.76%,0.54%,0.83%,2.78%,2.70%
252,CARLSON,120552,94.83%,0.46%,0.77%,0.49%,1.38%,2.07%
253,AUSTIN,119706,67.47%,26.01%,0.61%,0.80%,2.34%,2.78%
254,DOMINGUEZ,119304,5.04%,0.38%,1.03%,0.25%,0.21%,93.09%
255,CARR,119076,73.61%,20.82%,0.49%,0.59%,2.08%,2.41%
256,LAWSON,119053,73.84%,20.74%,0.43%,0.65%,2.15%,2.20%
257,JACOBS,118614,74.28%,16.71%,0.59%,3.75%,2.16%,2.52%
258,OBRIEN,118557,93.85%,1.29%,0.76%,0.37%,1.42%,2.32%
259,LYNCH,117708,82.30%,11.74%,0.59%,1.07%,1.78%,2.52%
260,SINGH,116749,4.29%,4.48%,82.77%,1.15%,4.81%,2.50%
261,VEGA,116673,5.53%,0.56%,0.73%,0.22%,0.29%,92.68%
262,BISHOP,116618,84.44%,10.14%,0.61%,0.57%,1.86%,2.37%
263,MONTGOMERY,115953,67.86%,26.23%,0.59%,0.61%,2.37%,2.35%
264,OLIVER,115900,64.19%,27.45%,0.68%,0.74%,2.43%,4.52%
265,JENSEN,115679,93.97%,0.44%,0.73%,0.82%,1.40%,2.64%
266,HARVEY,115662,68.00%,25.00%,0.52%,1.71%,2.25%,2.52%
267,WILLIAMSON,114959,77.17%,17.41%,0.50%,0.70%,1.94%,2.27%
268,GILBERT,114940,77.80%,15.92%,0.57%,0.69%,2.04%,2.98%
269,DEAN,114030,76.61%,16.82%,1.06%,0.68%,2.20%,2.63%
270,SIMS,113374,54.29%,39.89%,0.41%,0.55%,2.62%,2.24%
271,ESPINOZA,112154,4.03%,0.23%,0.38%,0.27%,0.17%,94.91%
272,HOWELL,112041,79.48%,15.08%,0.46%,0.72%,1.80%,2.46%
273,LI,111786,1.49%,0.19%,96.78%,0.02%,0.89%,0.63%
274,WONG,111371,3.48%,0.79%,86.49%,0.04%,5.20%,4.00%
275,REID,111360,59.83%,34.10%,0.61%,0.56%,2.28%,2.62%
276,HANSON,111144,92.11%,2.85%,0.70%,0.67%,1.55%,2.11%
277,LE,110967,1.49%,0.23%,95.59%,0.03%,1.92%,0.75%
278,MCCOY,110744,66.88%,26.71%,0.46%,0.89%,2.43%,2.64%
279,GARRETT,110697,69.96%,24.45%,0.44%,0.60%,2.34%,2.20%
280,BURTON,110529,67.32%,27.06%,0.53%,0.51%,2.25%,2.34%
281,FULLER,110116,73.22%,21.06%,0.60%,0.63%,2.16%,2.33%
282,WANG,109883,2.59%,0.29%,95.24%,0.02%,1.50%,0.35%
283,WEBER,109433,94.29%,1.29%,0.63%,0.36%,1.25%,2.18%
284,WELCH,108987,83.47%,10.44%,0.54%,1.11%,1.90%,2.55%
285,ROJAS,108421,4.12%,0.37%,0.76%,0.12%,0.16%,94.46%
286,LUCAS,107690,69.10%,18.51%,1.63%,0.52%,2.19%,8.05%
287,MARQUEZ,107533,5.10%,0.54%,2.83%,0.37%,0.46%,90.70%
288,FIELDS,107522,57.66%,35.78%,0.39%,1.24%,2.66%,2.28%
289,PARK,106696,23.34%,0.79%,72.98%,0.16%,1.74%,1.00%
290,YANG,106033,1.03%,0.20%,96.81%,0.02%,1.50%,0.45%
291,LITTLE,105936,70.11%,24.26%,0.44%,1.26%,1.93%,2.01%
292,BANKS,105833,39.27%,54.51%,0.36%,0.43%,2.98%,2.45%
293,PADILLA,105365,6.15%,0.40%,2.10%,0.79%,0.41%,90.16%
294,DAY,105091,83.08%,10.44%,1.02%,1.08%,1.97%,2.40%
295,WALSH,105079,94.48%,1.11%,0.65%,0.23%,1.35%,2.20%
296,BOWMAN,105007,80.82%,13.62%,0.48%,0.80%,2.05%,2.23%
297,SCHULTZ,104888,94.81%,0.70%,0.59%,0.41%,1.28%,2.22%
298,LUNA,104518,8.15%,0.40%,1.84%,0.41%,0.41%,88.78%
299,FOWLER,104515,81.41%,12.89%,0.48%,0.96%,2.10%,2.16%
300,MEJIA,104057,3.37%,0.45%,1.33%,0.14%,0.20%,94.51%
301,DAVIDSON,103930,84.38%,10.08%,0.65%,0.65%,1.88%,2.35%
302,ACOSTA,103418,6.96%,0.62%,2.26%,0.26%,0.43%,89.48%
303,BREWER,103318,81.30%,12.64%,0.42%,1.35%,2.09%,2.19%
304,MAY,103306,83.55%,9.57%,1.22%,0.73%,1.89%,3.04%
305,HOLLAND,102538,76.77%,17.67%,0.46%,0.57%,2.16%,2.37%
306,JUAREZ,101949,3.42%,0.22%,0.39%,0.16%,0.15%,95.66%
307,NEWMAN,101931,83.03%,11.08%,0.61%,0.69%,1.99%,2.60%
308,PEARSON,101836,72.14%,22.51%,0.56%,0.41%,2.14%,2.24%
309,CURTIS,101801,77.90%,15.84%,0.53%,1.03%,2.13%,2.57%
310,CORTEZ,101694,6.00%,0.70%,2.92%,0.29%,0.44%,89.65%
311,DOUGLAS,101458,58.62%,34.67%,0.52%,0.70%,2.69%,2.80%
312,SCHNEIDER,101290,95.35%,0.43%,0.59%,0.27%,1.20%,2.16%
313,JOSEPH,100959,29.59%,54.19%,9.76%,0.99%,2.49%,2.98%
314,BARRETT,100104,80.70%,13.40%,0.67%,0.62%,1.96%,2.65%
315,NAVARRO,99807,6.66%,0.38%,4.04%,0.23%,0.55%,88.14%
316,FIGUEROA,98468,4.93%,0.84%,1.00%,0.15%,0.26%,92.82%
317,KELLER,98268,91.40%,3.86%,0.57%,0.46%,1.45%,2.26%
318,AVILA,97314,7.02%,0.43%,1.11%,0.23%,0.26%,90.96%
319,WADE,97040,64.94%,29.08%,0.47%,0.74%,2.44%,2.34%
320,MOLINA,96979,5.82%,0.51%,2.28%,0.64%,0.42%,90.32%
321,STANLEY,96867,78.79%,15.10%,0.74%,1.16%,1.95%,2.27%
322,HOPKINS,96810,73.56%,20.66%,0.48%,0.92%,2.25%,2.14%
323,CAMPOS,96111,7.11%,0.39%,1.38%,0.21%,0.39%,90.52%
324,BARNETT,95681,76.44%,17.47%,0.43%,0.90%,2.20%,2.56%
325,BATES,95622,75.35%,18.90%,0.55%,0.76%,2.03%,2.41%
326,CHAMBERS,94988,65.70%,28.50%,0.45%,0.58%,2.29%,2.47%
327,CALDWELL,93944,68.05%,26.18%,0.42%,0.74%,2.32%,2.29%
328,BECK,93786,90.27%,4.53%,0.74%,0.63%,1.66%,2.17%
329,LAMBERT,93678,83.66%,9.88%,0.59%,1.30%,1.77%,2.79%
330,MIRANDA,93628,12.32%,1.34%,4.21%,0.42%,0.75%,80.97%
331,BYRD,92904,59.01%,34.59%,0.36%,1.30%,2.64%,2.11%
332,CRAIG,92507,79.03%,15.15%,0.61%,0.78%,2.06%,2.37%
333,AYALA,92463,4.37%,0.54%,0.47%,0.20%,0.18%,94.25%
334,LOWE,92260,73.04%,19.35%,1.68%,0.96%,2.41%,2.56%
335,FRAZIER,92152,56.10%,37.36%,0.40%,1.36%,2.51%,2.27%
336,POWERS,91970,89.60%,5.15%,0.65%,0.55%,1.65%,2.39%
337,NEAL,91694,62.10%,31.84%,0.60%,0.68%,2.61%,2.16%
338,LEONARD,91475,80.38%,14.07%,0.59%,0.77%,1.77%,2.42%
339,GREGORY,91384,78.64%,15.56%,0.57%,0.75%,1.99%,2.49%
340,CARRILLO,91129,5.13%,0.24%,0.68%,0.36%,0.24%,93.33%
341,SUTTON,90964,72.77%,21.70%,0.48%,0.68%,2.24%,2.13%
342,FLEMING,90677,71.71%,22.76%,0.62%,0.52%,2.21%,2.19%
343,RHODES,90670,74.76%,20.04%,0.48%,0.62%,1.92%,2.17%
344,SHELTON,90517,73.49%,20.64%,0.47%,0.67%,2.50%,2.23%
345,SCHWARTZ,90071,95.93%,0.44%,0.57%,0.21%,0.96%,1.89%
346,NORRIS,89796,79.88%,14.41%,0.52%,0.94%,2.04%,2.20%
347,JENNINGS,89700,70.87%,23.06%,0.70%,0.66%,2.25%,2.45%
348,WATTS,89649,68.62%,25.52%,0.48%,0.77%,2.35%,2.26%
349,DURAN,89401,9.93%,0.54%,1.23%,0.78%,0.41%,87.11%
350,WALTERS,89376,82.92%,11.29%,0.65%,0.82%,1.69%,2.63%
351,COHEN,89091,88.89%,5.97%,0.66%,0.11%,1.08%,3.29%
352,MCDANIEL,88728,76.18%,18.35%,0.43%,0.64%,2.05%,2.35%
353,MORAN,88615,64.14%,2.43%,0.70%,0.79%,1.13%,30.81%
354,PARKS,88586,69.39%,24.91%,0.59%,0.67%,2.38%,2.06%
355,STEELE,88230,78.25%,15.60%,0.53%,1.15%,2.02%,2.43%
356,VAUGHN,88060,71.52%,22.67%,0.44%,0.75%,2.34%,2.27%
357,BECKER,87859,94.89%,0.52%,0.66%,0.34%,1.26%,2.33%
358,HOLT,87531,79.38%,14.85%,0.57%,0.87%,2.24%,2.10%
359,DELEON,87414,6.64%,1.04%,8.31%,0.21%,0.74%,83.06%
360,BARKER,87162,86.48%,7.83%,0.68%,0.65%,1.92%,2.44%
361,TERRY,87000,66.28%,27.34%,0.56%,0.70%,2.44%,2.68%
362,HALE,86618,82.23%,11.41%,0.54%,1.19%,2.21%,2.42%
363,LEON,86363,9.99%,2.95%,1.04%,0.37%,0.44%,85.21%
364,HAIL,86240,73.14%,21.60%,0.37%,0.53%,2.09%,2.27%
365,BENSON,86081,77.85%,16.24%,0.79%,0.77%,1.95%,2.41%
366,HAYNES,85974,61.08%,33.19%,0.42%,0.58%,2.25%,2.47%
367,HORTON,85195,69.99%,24.30%,0.52%,0.69%,2.27%,2.23%
368,MILES,84942,61.33%,32.35%,0.49%,0.78%,2.61%,2.44%
369,LYONS,84516,74.88%,19.17%,0.50%,1.01%,2.10%,2.34%
370,PHAM,84320,0.90%,0.20%,96.33%,0.03%,1.81%,0.72%
371,GRAVES,84179,69.64%,24.19%,0.48%,0.71%,2.38%,2.60%
372,BUSH,84018,71.73%,22.44%,0.57%,0.82%,2.15%,2.29%
373,THORNTON,83967,67.42%,27.08%,0.46%,0.62%,2.34%,2.06%
374,WOLFE,83928,90.77%,3.60%,0.52%,1.37%,1.66%,2.09%
375,WARNER,83781,84.22%,10.24%,0.65%,0.61%,1.87%,2.41%
376,CABRERA,83621,4.47%,0.41%,3.52%,0.12%,0.45%,91.02%
377,MCKINNEY,83616,68.84%,25.18%,0.40%,0.88%,2.37%,2.34%
378,MANN,83510,80.39%,9.90%,3.61%,1.32%,2.12%,2.66%
379,ZIMMERMAN,83265,93.84%,2.32%,0.52%,0.30%,1.18%,1.85%
380,DAWSON,83182,68.30%,25.88%,0.64%,0.57%,2.29%,2.33%
381,LARA,83067,5.67%,0.37%,1.14%,0.30%,0.24%,92.28%
382,FLETCHER,83063,72.86%,20.92%,0.58%,0.74%,2.30%,2.60%
383,PAGE,82992,75.12%,18.93%,0.66%,0.65%,2.02%,2.62%
384,MCCARTHY,82950,92.29%,3.25%,0.68%,0.27%,1.27%,2.24%
385,LOVE,82873,56.49%,37.03%,0.54%,0.51%,2.90%,2.53%
386,ROBLES,82458,5.07%,0.43%,2.05%,0.36%,0.30%,91.78%
387,CERVANTES,82161,3.31%,0.16%,0.91%,0.18%,0.14%,95.31%
388,SOLIS,82146,5.14%,0.40%,1.61%,0.18%,0.24%,92.43%
389,ERICKSON,82085,95.05%,0.37%,0.65%,0.57%,1.44%,1.92%
390,REEVES,81978,77.31%,16.52%,0.57%,0.77%,2.12%,2.71%
391,CHANG,81939,2.37%,0.87%,88.84%,0.03%,4.18%,3.71%
392,KLEIN,81471,95.41%,0.32%,0.60%,0.23%,1.13%,2.30%
393,SALINAS,81156,5.55%,0.25%,0.90%,0.19%,0.23%,92.88%
394,FUENTES,81006,4.56%,0.41%,1.31%,0.19%,0.29%,93.24%
395,BALDWIN,80742,76.87%,17.25%,0.52%,0.93%,1.99%,2.43%
396,DANIEL,80526,62.84%,25.56%,3.16%,0.69%,2.15%,5.59%
397,SIMON,80460,65.09%,22.51%,2.75%,0.67%,1.93%,7.06%
398,VELASQUEZ,80364,4.75%,0.66%,1.71%,0.43%,0.24%,92.22%
399,HARDY,80252,61.47%,32.34%,0.50%,1.20%,2.27%,2.22%
400,HIGGINS,79803,83.91%,10.77%,0.56%,0.56%,1.90%,2.30%
401,AGUIRRE,79517,5.10%,0.25%,1.25%,0.20%,0.25%,92.94%
402,LIN,79508,1.70%,0.18%,95.85%,0.02%,1.77%,0.47%
403,CUMMINGS,79316,72.52%,19.66%,0.72%,2.33%,2.32%,2.45%
404,CHANDLER,79186,74.49%,19.63%,0.60%,0.68%,2.20%,2.40%
405,SHARP,78990,83.57%,10.56%,0.59%,1.02%,1.94%,2.33%
406,BARBER,78848,75.48%,18.38%,0.64%,1.02%,2.08%,2.39%
407,BOWEN,78822,82.08%,11.96%,0.55%,0.68%,2.01%,2.71%
408,OCHOA,78677,4.53%,0.29%,0.54%,0.36%,0.18%,94.09%
409,DENNIS,78482,65.60%,27.84%,0.60%,0.79%,2.29%,2.88%
410,ROBBINS,78381,87.57%,7.24%,0.49%,0.91%,1.72%,2.06%
411,LIU,78370,1.79%,0.17%,95.62%,0.02%,1.86%,0.54%
412,RAMSEY,78350,77.84%,16.51%,0.46%,0.70%,2.02%,2.46%
413,FRANCIS,78327,59.48%,30.30%,2.00%,2.07%,2.37%,3.78%
414,GRIFFITH,78260,83.93%,10.40%,0.55%,0.67%,1.88%,2.56%
415,PAUL,78256,66.99%,20.13%,6.25%,2.05%,1.92%,2.67%
416,BLAIR,78026,79.40%,14.67%,0.55%,0.67%,2.18%,2.53%
417,OCONNOR,77923,92.81%,2.12%,0.75%,0.33%,1.37%,2.61%
418,CARDENAS,77652,4.59%,0.28%,1.02%,0.20%,0.21%,93.70%
419,PACHECO,77642,15.32%,0.57%,1.16%,0.72%,0.81%,81.43%
420,CROSS,77557,75.47%,18.28%,0.57%,0.91%,2.25%,2.52%
421,CALDERON,77085,4.95%,0.56%,1.53%,0.16%,0.25%,92.55%
422,QUINN,76986,86.23%,8.34%,0.69%,0.47%,1.63%,2.64%
423,MOSS,76908,69.73%,24.71%,0.48%,0.68%,2.12%,2.28%
424,SWANSON,76897,90.41%,4.80%,0.70%,0.46%,1.53%,2.10%
425,CHAN,76664,2.75%,0.75%,89.32%,0.05%,2.54%,4.58%
426,RIVAS,76205,4.88%,0.59%,0.41%,0.28%,0.17%,93.67%
427,KHAN,76171,6.89%,3.86%,81.25%,0.54%,5.27%,2.20%
428,RODGERS,76095,70.15%,23.84%,0.46%,0.64%,2.22%,2.69%
429,SERRANO,75996,5.62%,0.70%,2.90%,0.13%,0.31%,90.34%
430,FITZGERALD,75356,86.32%,8.82%,0.67%,0.31%,1.65%,2.22%
431,ROSALES,75185,3.63%,0.30%,2.39%,0.21%,0.26%,93.21%
432,STEVENSON,75169,63.44%,30.19%,0.63%,0.54%,2.50%,2.70%
433,CHRISTENSEN,75143,94.42%,0.36%,0.73%,0.60%,1.51%,2.38%
434,MANNING,74949,73.90%,20.34%,0.56%,0.81%,2.03%,2.36%
435,GILL,74948,65.23%,13.96%,13.43%,0.59%,2.06%,4.74%
436,CURRY,74919,59.18%,34.93%,0.49%,0.47%,2.41%,2.52%
437,MCLAUGHLIN,74816,87.99%,7.08%,0.58%,0.53%,1.44%,2.38%
438,HARMON,74737,77.26%,17.02%,0.53%,0.73%,2.12%,2.34%
439,MCGEE,74542,62.25%,31.53%,0.45%,0.73%,2.72%,2.32%
440,GROSS,74503,84.87%,10.34%,0.52%,0.34%,1.48%,2.45%
441,DOYLE,74458,89.12%,5.66%,0.66%,0.49%,1.68%,2.39%
442,GARNER,74324,71.71%,22.82%,0.48%,0.54%,2.11%,2.34%
443,NEWTON,74092,75.66%,18.42%,0.62%,0.68%,2.05%,2.56%
444,BURGESS,73931,75.35%,18.67%,0.63%,0.95%,2.21%,2.17%
445,REESE,73919,66.05%,28.24%,0.44%,0.58%,2.07%,2.62%
446,WALTON,73854,60.37%,34.20%,0.40%,0.51%,2.39%,2.13%
447,BLAKE,73797,71.21%,22.58%,0.56%,0.84%,2.14%,2.68%
448,TRUJILLO,73664,8.39%,0.21%,0.29%,1.63%,0.35%,89.14%
449,ADKINS,73599,87.20%,8.02%,0.38%,0.84%,1.83%,1.72%
450,BRADY,73145,87.28%,6.89%,0.56%,0.96%,1.65%,2.66%
451,GOODMAN,73136,78.33%,15.83%,0.57%,1.00%,1.84%,2.43%
452,ROMAN,72918,20.79%,1.86%,0.97%,0.20%,0.51%,75.67%
453,WEBSTER,72625,73.50%,19.75%,0.62%,1.38%,2.25%,2.51%
454,GOODWIN,72451,77.04%,17.22%,0.50%,0.86%,2.08%,2.30%
455,FISCHER,72357,94.34%,0.87%,0.61%,0.40%,1.22%,2.56%
456,HUANG,72328,0.90%,0.11%,97.14%,0.02%,1.42%,0.40%
457,POTTER,72175,89.07%,5.13%,0.56%,0.78%,1.96%,2.50%
458,DELACRUZ,72109,3.86%,0.40%,16.77%,0.19%,1.54%,77.24%
459,MONTOYA,71844,8.65%,0.26%,0.87%,1.40%,0.38%,88.44%
460,TODD,71759,80.77%,13.58%,0.51%,0.68%,2.11%,2.34%
461,WU,71721,1.37%,0.18%,96.37%,0.02%,1.59%,0.48%
462,HINES,71717,57.72%,36.73%,0.49%,0.49%,2.31%,2.25%
463,MULLINS,71646,88.75%,6.86%,0.36%,0.52%,1.78%,1.74%
464,CASTANEDA,71368,4.11%,0.22%,1.79%,0.20%,0.25%,93.42%
465,MALONE,71286,67.31%,26.77%,0.56%,0.71%,2.19%,2.46%
466,CANNON,71085,69.78%,24.50%,0.50%,0.54%,2.26%,2.42%
467,TATE,71058,55.59%,38.34%,0.61%,0.84%,2.50%,2.12%
468,MACK,71056,44.76%,49.06%,0.70%,0.53%,2.59%,2.37%
469,SHERMAN,70502,82.74%,11.57%,0.63%,0.98%,1.75%,2.33%
470,HUBBARD,70362,71.05%,23.15%,0.45%,0.90%,2.30%,2.15%
471,HODGES,70223,73.41%,20.90%,0.48%,0.56%,2.08%,2.57%
472,ZHANG,70125,0.99%,0.16%,98.06%,0.02%,0.62%,0.15%
473,GUERRA,70071,11.26%,0.80%,0.58%,0.50%,0.28%,86.59%
474,WOLF,70031,93.67%,1.07%,0.61%,1.05%,1.46%,2.16%
475,VALENCIA,70000,5.32%,0.50%,3.28%,1.21%,0.46%,89.23%
476,SAUNDERS,69943,67.39%,26.12%,0.57%,0.72%,2.57%,2.62%
476,FRANCO,69943,15.82%,0.63%,1.74%,0.32%,0.50%,81.00%
478,ROWE,69879,79.26%,15.06%,0.64%,0.57%,2.00%,2.47%
479,GALLAGHER,69834,94.62%,0.69%,0.64%,0.30%,1.26%,2.50%
480,FARMER,69617,77.16%,17.45%,0.47%,1.05%,1.82%,2.07%
481,HAMMOND,69515,78.23%,16.09%,0.64%,0.69%,2.16%,2.19%
482,HAMPTON,69472,53.70%,40.30%,0.40%,0.72%,2.67%,2.21%
483,TOWNSEND,69360,67.70%,26.42%,0.47%,0.79%,2.25%,2.38%
484,INGRAM,69345,61.45%,32.98%,0.36%,0.54%,2.25%,2.42%
485,WISE,68649,78.63%,15.55%,0.58%,0.71%,2.14%,2.38%
486,GALLEGOS,68373,7.66%,0.19%,0.47%,0.49%,0.29%,90.89%
487,CLARKE,68281,61.02%,32.10%,0.63%,0.38%,2.32%,3.56%
488,BARTON,68233,85.11%,7.96%,0.59%,1.31%,1.91%,3.12%
489,SCHROEDER,67977,95.36%,0.32%,0.59%,0.49%,1.13%,2.11%
490,MAXWELL,67961,73.22%,20.63%,0.61%,0.64%,2.16%,2.74%
491,WATERS,67929,73.39%,20.68%,0.56%,0.85%,2.13%,2.39%
492,LOGAN,67909,64.80%,27.30%,0.71%,1.08%,2.89%,3.21%
493,CAMACHO,67893,6.09%,0.57%,2.90%,0.16%,0.71%,89.56%
494,STRICKLAND,67769,76.23%,17.16%,0.46%,2.15%,2.04%,1.97%
495,NORMAN,67704,68.97%,25.07%,0.63%,0.63%,2.25%,2.44%
496,PERSON,67411,45.58%,34.51%,4.14%,1.12%,1.78%,12.88%
497,COLON,67338,7.58%,1.89%,0.31%,0.14%,0.33%,89.75%
498,PARSONS,67310,91.09%,3.60%,0.60%,0.67%,1.75%,2.27%
499,FRANK,67304,84.54%,7.96%,0.99%,2.23%,1.60%,2.68%
500,HARRINGTON,66959,82.01%,12.38%,0.72%,0.64%,1.84%,2.41%
501,GLOVER,66858,52.58%,41.73%,0.51%,0.48%,2.45%,2.24%
502,OSBORNE,66827,82.28%,12.39%,0.50%,0.65%,1.97%,2.22%
503,BUCHANAN,66648,77.40%,17.00%,0.59%,0.57%,2.01%,2.43%
504,CASEY,66556,86.89%,7.47%,0.66%,0.70%,1.88%,2.41%
505,FLOYD,66454,65.41%,29.21%,0.41%,0.68%,2.30%,2.00%
506,PATTON,66293,73.05%,20.90%,0.49%,0.88%,2.25%,2.44%
507,IBARRA,66063,2.95%,0.15%,1.24%,0.12%,0.23%,95.32%
508,BALL,66059,82.32%,12.00%,0.96%,0.58%,1.78%,2.35%
509,TYLER,66056,61.96%,30.99%,0.54%,1.35%,2.70%,2.46%
510,SUAREZ,66013,6.79%,0.57%,2.11%,0.14%,0.27%,90.12%
511,BOWERS,66003,83.40%,11.53%,0.47%,0.60%,1.73%,2.27%
512,OROZCO,65904,3.40%,0.17%,0.39%,0.15%,0.12%,95.76%
513,SALAS,65468,6.46%,0.38%,2.05%,0.31%,0.58%,90.22%
514,COBB,65125,69.98%,24.79%,0.44%,0.64%,2.13%,2.02%
515,GIBBS,65064,65.85%,28.29%,0.49%,0.69%,2.25%,2.42%
516,ANDRADE,65037,15.43%,3.24%,1.62%,0.26%,1.26%,78.19%
517,BAUER,65004,95.10%,0.39%,0.59%,0.38%,1.17%,2.38%
518,CONNER,64572,78.57%,16.17%,0.47%,0.57%,2.02%,2.20%
519,MOODY,64429,71.27%,22.86%,0.44%,0.76%,1.95%,2.71%
520,ESCOBAR,64403,5.17%,0.41%,1.55%,0.18%,0.26%,92.44%
521,MCGUIRE,64327,88.00%,6.33%,0.65%,0.56%,1.86%,2.61%
522,LLOYD,64202,72.59%,22.11%,0.55%,0.44%,2.03%,2.29%
523,MUELLER,64191,95.66%,0.31%,0.64%,0.24%,1.14%,2.02%
524,HARTMAN,64106,93.86%,1.62%,0.65%,0.45%,1.29%,2.13%
525,FRENCH,63991,85.75%,8.10%,0.66%,1.11%,1.92%,2.45%
526,KRAMER,63936,95.35%,0.34%,0.61%,0.25%,1.24%,2.21%
527,MCBRIDE,63899,74.28%,19.88%,0.44%,0.80%,2.02%,2.57%
528,POPE,63881,70.83%,23.77%,0.47%,0.61%,2.13%,2.19%
529,LINDSEY,63760,67.78%,25.72%,0.79%,0.68%,2.73%,2.31%
530,VELAZQUEZ,63736,3.26%,0.44%,0.12%,0.12%,0.11%,95.95%
531,NORTON,63722,87.84%,6.55%,0.55%,1.19%,1.75%,2.12%
532,MCCORMICK,63649,87.33%,7.59%,0.57%,0.42%,1.61%,2.48%
533,SPARKS,63440,84.22%,10.43%,0.42%,0.74%,1.99%,2.21%
534,FLYNN,63400,91.91%,3.07%,0.66%,0.60%,1.50%,2.26%
535,YATES,63254,80.58%,14.07%,0.49%,0.54%,2.07%,2.25%
536,HOGAN,63085,80.12%,14.44%,0.53%,0.61%,1.84%,2.46%
537,MARSH,62304,82.74%,12.04%,0.54%,0.57%,1.90%,2.22%
538,MACIAS,62227,4.92%,0.17%,0.40%,0.21%,0.16%,94.14%
539,VILLANUEVA,61883,4.25%,0.43%,12.29%,0.26%,1.01%,81.77%
540,ZAMORA,61729,5.38%,0.31%,2.52%,0.26%,0.33%,91.21%
541,PRATT,61671,78.04%,15.69%,0.62%,1.00%,2.02%,2.63%
542,STOKES,61639,58.27%,36.00%,0.36%,0.45%,2.39%,2.52%
543,OWEN,61630,91.78%,2.37%,0.73%,0.87%,1.71%,2.54%
544,BALLARD,61625,75.26%,19.17%,0.42%,0.82%,2.09%,2.23%
545,LANG,61529,81.36%,10.38%,3.31%,0.59%,1.84%,2.52%
546,BROCK,61369,83.03%,11.74%,0.46%,0.76%,1.98%,2.02%
547,VILLARREAL,61355,6.45%,0.23%,0.19%,0.15%,0.13%,92.85%
548,CHARLES,61211,33.69%,52.96%,1.01%,2.07%,2.37%,7.90%
549,DRAKE,61162,79.55%,14.92%,0.52%,0.62%,2.04%,2.34%
550,BARRERA,60998,5.01%,0.27%,1.14%,0.20%,0.21%,93.18%
551,CAIN,60948,77.21%,17.00%,0.75%,0.60%,2.11%,2.33%
552,PATRICK,60845,73.73%,20.35%,0.73%,1.03%,2.01%,2.15%
553,PINEDA,60820,3.29%,0.32%,5.28%,0.12%,0.32%,90.67%
554,BURNETT,60791,69.91%,24.06%,0.41%,0.74%,2.52%,2.36%
555,MERCADO,60761,5.24%,0.58%,6.85%,0.14%,0.63%,86.55%
556,SANTANA,60667,6.13%,1.31%,0.54%,0.11%,0.33%,91.59%
557,SHEPHERD,60479,78.64%,15.94%,0.54%,0.89%,1.95%,2.04%
558,BAUTISTA,60264,3.16%,0.27%,18.23%,0.28%,1.27%,76.80%
559,ALI,60002,17.33%,30.71%,42.91%,0.51%,5.66%,2.87%
560,SHAFFER,59943,93.08%,2.54%,0.55%,0.40%,1.50%,1.92%
561,LAMB,59913,86.10%,8.62%,0.70%,0.54%,1.73%,2.29%
562,TREVINO,59882,7.83%,0.29%,0.20%,0.40%,0.22%,91.06%
563,MCKENZIE,59595,64.64%,28.63%,0.69%,0.74%,2.28%,3.03%
564,HESS,59486,94.63%,0.93%,0.55%,0.53%,1.38%,1.98%
565,BEIL,59463,62.10%,32.08%,0.34%,0.87%,2.29%,2.33%
566,OLSEN,59356,93.69%,0.34%,0.77%,0.76%,1.79%,2.65%
567,COCHRAN,59350,85.29%,9.05%,0.50%,1.24%,1.67%,2.24%
568,MORTON,59213,74.00%,19.74%,0.66%,0.86%,2.29%,2.45%
569,NASH,58714,69.34%,24.62%,0.53%,0.80%,2.43%,2.29%
570,WILKINS,58634,63.09%,30.56%,0.43%,0.89%,2.36%,2.66%
571,PETERSEN,58480,93.42%,1.33%,0.76%,0.44%,1.55%,2.51%
572,BRIGGS,58408,75.92%,18.56%,0.51%,0.67%,2.10%,2.24%
573,SHAH,58287,3.59%,0.94%,91.74%,0.34%,2.70%,0.70%
574,ROTH,58278,94.86%,0.50%,0.90%,0.29%,1.19%,2.27%
575,NICHOLSON,58151,74.25%,19.89%,0.54%,0.62%,2.15%,2.54%
576,HOLLOWAY,58040,58.27%,36.07%,0.40%,0.61%,2.53%,2.12%
577,LOZANO,57779,5.96%,0.29%,1.55%,0.20%,0.26%,91.73%
578,RANGEL,57549,6.01%,0.29%,0.28%,0.22%,0.18%,93.02%
578,FLOWERS,57549,53.12%,40.28%,0.40%,0.63%,2.80%,2.77%
580,HOOVER,57497,92.03%,3.37%,0.59%,0.64%,1.50%,1.87%
581,SHORT,57477,84.12%,10.24%,0.59%,0.86%,2.01%,2.18%
581,ARIAS,57477,5.12%,0.40%,1.06%,0.14%,0.21%,93.07%
583,MORA,57464,7.38%,0.45%,1.07%,0.26%,0.26%,90.59%
584,VALENZUELA,57383,4.95%,0.21%,2.40%,1.67%,0.40%,90.36%
585,BRYAN,57143,81.33%,11.79%,0.64%,0.63%,1.77%,3.83%
586,MEYERS,57127,89.78%,4.64%,0.76%,0.62%,1.82%,2.38%
587,WEISS,57112,95.58%,0.38%,0.65%,0.20%,0.95%,2.24%
588,UNDERWOOD,57064,79.20%,15.03%,0.48%,1.09%,2.03%,2.17%
589,BASS,57044,69.18%,24.53%,0.49%,0.77%,2.31%,2.72%
590,GREER,57043,73.30%,21.33%,0.49%,0.45%,2.07%,2.36%
591,SUMMERS,56953,78.93%,14.80%,0.54%,1.10%,2.29%,2.34%
592,HOUSTON,56900,52.07%,41.49%,0.50%,0.63%,2.81%,2.51%
593,CARSON,56872,72.25%,21.67%,0.61%,0.78%,2.28%,2.41%
594,MORROW,56840,79.85%,14.72%,0.52%,0.72%,2.04%,2.15%
595,CLAYTON,56638,69.14%,25.47%,0.45%,0.53%,2.23%,2.18%
596,WHITAKER,56616,70.71%,24.33%,0.46%,0.45%,2.02%,2.03%
597,DECKER,56576,93.96%,0.90%,0.51%,0.58%,1.61%,2.45%
598,YODER,56410,97.77%,0.19%,0.23%,0.15%,0.73%,0.93%
599,COLLIER,56380,66.97%,27.39%,0.47%,0.60%,2.41%,2.15%
600,ZUNIGA,56347,4.45%,0.48%,0.75%,0.23%,0.16%,93.92%
601,CAREY,56322,80.90%,13.52%,0.60%,0.67%,2.05%,2.25%
602,WILCOX,56286,83.89%,10.42%,0.56%,0.78%,1.87%,2.48%
603,MELENDEZ,56230,4.96%,0.99%,0.48%,0.22%,0.26%,93.08%
604,POOLE,56226,72.56%,22.71%,0.48%,0.42%,1.97%,1.85%
605,ROBERSON,56180,51.34%,42.78%,0.38%,0.52%,2.74%,2.23%
606,LARSEN,55960,94.16%,0.51%,0.75%,0.70%,1.50%,2.37%
607,CONLEY,55917,79.78%,15.39%,0.42%,0.55%,2.02%,1.85%
608,DAVENPORT,55895,71.76%,22.32%,0.49%,0.69%,2.38%,2.36%
609,COPELAND,55850,65.85%,28.28%,0.46%,0.71%,2.39%,2.31%
610,MASSEY,55595,73.18%,20.42%,1.06%,1.07%,1.96%,2.32%
611,LAM,55554,6.84%,0.57%,87.99%,0.05%,1.99%,2.56%
612,HUFF,55484,81.37%,13.41%,0.52%,0.70%,1.88%,2.11%
613,ROCHA,55251,16.45%,0.83%,0.80%,0.34%,0.49%,81.08%
614,CAMERON,55240,75.52%,17.86%,0.66%,0.73%,2.09%,3.14%
615,JEFFERSON,55179,17.45%,74.24%,0.40%,1.90%,3.54%,2.47%
616,HOOD,55174,74.07%,20.16%,0.52%,1.00%,2.07%,2.18%
617,MONROE,55136,62.88%,29.27%,0.50%,1.53%,2.53%,3.28%
618,ANTHONY,55114,59.82%,31.93%,1.53%,0.62%,2.29%,3.82%
619,PITTMAN,55021,63.55%,31.31%,0.36%,0.65%,2.14%,1.99%
620,HUYNH,54996,0.82%,0.09%,96.68%,0.02%,1.72%,0.67%
621,RANDALL,54764,74.65%,19.07%,0.64%,1.16%,2.17%,2.30%
622,SINGLETON,54621,45.91%,48.62%,0.38%,0.41%,2.48%,2.20%
623,KIRK,54394,82.37%,10.56%,1.29%,1.38%,2.06%,2.34%
624,COMBS,54257,86.08%,9.13%,0.45%,0.57%,1.86%,1.91%
625,MATHIS,54217,61.94%,32.65%,0.29%,0.59%,2.20%,2.33%
626,CHRISTIAN,54198,66.41%,24.57%,2.33%,0.59%,2.49%,3.62%
627,SKINNER,54046,79.34%,15.03%,0.48%,0.66%,1.96%,2.53%
628,BRADFORD,54015,64.77%,29.10%,0.51%,0.64%,2.48%,2.50%
629,RICHARD,53893,70.35%,23.46%,0.90%,0.57%,1.97%,2.75%
630,GALVAN,53822,6.06%,0.27%,0.80%,0.38%,0.23%,92.26%
631,WALL,53794,86.10%,8.21%,0.75%,0.81%,1.81%,2.31%
632,BOONE,53792,62.39%,31.01%,0.52%,1.38%,2.36%,2.35%
633,KIRBY,53767,85.90%,9.16%,0.50%,0.73%,1.78%,1.93%
634,WILKINSON,53739,88.16%,6.52%,0.63%,0.61%,1.74%,2.36%
635,BRIDGES,53682,67.71%,27.05%,0.46%,0.52%,2.16%,2.10%
636,BRUCE,53419,77.35%,15.89%,0.74%,1.13%,2.20%,2.70%
637,ATKINSON,53376,79.31%,13.96%,0.55%,0.55%,1.73%,3.90%
638,VELEZ,53265,6.80%,0.92%,0.88%,0.07%,0.30%,91.03%
639,MEZA,53230,3.73%,0.26%,0.18%,0.18%,0.11%,95.53%
640,ROY,53159,75.20%,9.04%,9.69%,1.54%,1.96%,2.57%
641,VINCENT,53095,78.93%,13.95%,1.40%,0.63%,1.97%,3.12%
642,YORK,53059,85.81%,8.04%,0.90%,1.00%,1.97%,2.28%
643,HODGE,52920,68.67%,24.92%,0.43%,0.65%,2.43%,2.90%
644,VILLA,52817,8.08%,0.39%,2.06%,0.31%,0.42%,88.74%
645,ABBOTT,52739,89.50%,4.89%,0.65%,0.66%,1.78%,2.53%
646,ALLISON,52701,80.72%,13.10%,0.57%,1.34%,1.99%,2.28%
647,TAPIA,52651,4.85%,0.29%,0.71%,0.40%,0.22%,93.54%
648,GATES,52569,75.04%,19.13%,0.62%,0.76%,2.06%,2.38%
649,CHASE,52481,81.84%,11.39%,0.72%,1.47%,2.07%,2.50%
650,SOSA,52457,5.10%,0.52%,0.72%,0.18%,0.16%,93.31%
651,SWEENEY,52410,90.60%,4.76%,0.56%,0.39%,1.30%,2.38%
652,FARRELL,52321,89.88%,4.78%,0.73%,0.54%,1.41%,2.65%
653,WYATT,52211,75.71%,18.63%,0.42%,0.67%,2.07%,2.49%
654,DALTON,52184,86.84%,7.71%,0.57%,0.67%,1.87%,2.32%
655,HORN,52138,85.15%,8.65%,0.98%,1.18%,1.82%,2.22%
656,BARRON,52070,46.37%,8.83%,0.70%,0.39%,1.18%,42.52%
657,PHELPS,52044,85.10%,9.68%,0.52%,0.60%,1.82%,2.29%
658,YU,52035,1.46%,0.12%,96.10%,0.02%,1.61%,0.69%
659,DICKERSON,51889,62.97%,31.57%,0.43%,0.42%,2.52%,2.09%
660,HEATH,51877,80.30%,14.38%,0.51%,0.77%,1.80%,2.24%
661,FOLEY,51865,92.05%,3.31%,0.73%,0.30%,1.51%,2.10%
662,ATKINS,51671,67.62%,26.67%,0.50%,0.59%,2.40%,2.21%
663,MATHEWS,51592,74.63%,15.36%,4.24%,0.73%,2.21%,2.83%
664,BONILLA,51475,4.48%,0.70%,1.17%,0.17%,0.25%,93.23%
665,ACEVEDO,51351,5.11%,0.60%,0.42%,0.16%,0.17%,93.54%
666,BENITEZ,51288,3.76%,0.50%,1.59%,0.09%,0.19%,93.86%
667,ZAVALA,51153,3.29%,0.20%,0.18%,0.09%,0.12%,96.13%
668,HENSLEY,51081,92.83%,1.88%,0.47%,0.98%,1.79%,2.06%
669,GLENN,51043,61.41%,32.78%,0.48%,0.63%,2.39%,2.32%
670,CISNEROS,50920,4.58%,0.20%,0.20%,0.12%,0.17%,94.73%
671,HARRELL,50837,66.08%,28.84%,0.35%,0.51%,2.20%,2.01%
672,SHIELDS,50832,75.83%,18.50%,0.64%,0.95%,1.90%,2.18%
673,RUBIO,50788,5.35%,0.28%,1.80%,0.27%,0.25%,92.04%
674,HUFFMAN,50786,91.20%,4.31%,0.46%,0.47%,1.64%,1.91%
674,CHOI,50786,1.57%,0.31%,96.09%,0.01%,1.49%,0.54%
676,BOYER,50742,88.78%,5.45%,0.62%,0.61%,1.86%,2.68%
677,GARRISON,50686,83.09%,11.02%,0.50%,0.83%,2.09%,2.48%
678,ARROYO,50614,4.62%,0.63%,1.06%,0.13%,0.24%,93.31%
679,BOND,50610,75.91%,17.88%,0.58%,0.85%,2.34%,2.43%
680,KANE,50584,89.08%,4.57%,1.67%,0.47%,1.77%,2.43%
681,HANCOCK,50558,87.33%,7.65%,0.48%,0.61%,1.70%,2.23%
682,CALLAHAN,50524,89.80%,5.28%,0.60%,0.53%,1.55%,2.23%
683,DILLON,50465,84.36%,9.70%,0.72%,0.98%,1.65%,2.58%
684,CLINE,50258,92.86%,2.15%,0.51%,0.87%,1.61%,2.00%
685,WIGGINS,50247,54.67%,39.64%,0.33%,0.65%,2.37%,2.33%
686,GRIMES,50245,74.91%,19.49%,0.39%,0.58%,2.18%,2.45%
687,ARELLANO,50104,4.49%,0.10%,2.61%,0.28%,0.39%,92.12%
688,MELTON,50069,79.76%,14.20%,0.51%,1.06%,2.12%,2.34%
689,ONEILL,50028,92.67%,0.94%,0.77%,0.27%,1.36%,3.99%
690,SAVAGE,49914,74.84%,19.57%,0.50%,0.80%,2.07%,2.22%
691,HO,49817,2.42%,0.20%,93.06%,0.03%,3.21%,1.08%
692,BELTRAN,49776,4.94%,0.38%,3.34%,0.16%,0.32%,90.85%
693,PITTS,49740,63.23%,31.35%,0.46%,0.51%,2.33%,2.12%
694,PARRISH,49733,80.21%,14.18%,0.49%,1.26%,1.84%,2.01%
695,PONCE,49549,5.13%,0.38%,2.03%,0.21%,0.36%,91.89%
696,RICH,49481,85.20%,9.29%,0.67%,0.56%,1.87%,2.41%
697,BOOTH,49402,83.38%,10.84%,0.63%,1.05%,1.76%,2.34%
698,KOCH,49395,95.29%,0.26%,0.73%,0.29%,1.12%,2.30%
699,GOLDEN,49360,74.70%,19.85%,0.54%,0.61%,2.02%,2.28%
700,WARE,49316,48.69%,44.88%,0.47%,0.82%,2.75%,2.39%
701,BRENNAN,49238,94.56%,0.80%,0.83%,0.24%,1.26%,2.32%
702,MCDOWELL,49217,69.70%,24.86%,0.48%,0.62%,2.09%,2.25%
703,MARKS,49177,79.93%,13.99%,0.73%,0.90%,1.91%,2.53%
704,CANTU,49126,7.85%,0.62%,0.20%,0.23%,0.21%,90.89%
705,HUMPHREY,49056,71.31%,23.21%,0.45%,0.67%,2.10%,2.26%
706,BAXTER,49033,80.37%,13.87%,0.60%,0.63%,2.07%,2.47%
707,SAWYER,49028,80.83%,13.62%,0.71%,0.57%,1.99%,2.29%
708,CLAY,48844,52.74%,40.50%,0.49%,0.94%,2.90%,2.43%
709,TANNER,48813,82.75%,10.94%,0.63%,1.14%,2.21%,2.32%
710,HUTCHINSON,48781,75.38%,18.49%,0.71%,0.72%,2.20%,2.51%
711,KAUR,48753,1.13%,0.27%,96.09%,0.64%,1.50%,0.37%
712,BERG,48746,94.69%,0.35%,0.73%,0.47%,1.44%,2.32%
713,WILEY,48720,65.71%,28.68%,0.46%,0.64%,2.28%,2.23%
714,GILMORE,48719,65.41%,28.06%,0.52%,0.87%,2.55%,2.59%
715,RUSSO,48696,93.85%,0.43%,0.50%,0.14%,0.94%,4.14%
716,VILLEGAS,48599,3.97%,0.29%,3.24%,0.24%,0.39%,91.88%
717,HOBBS,48522,79.07%,15.54%,0.38%,0.81%,1.96%,2.25%
718,KEITH,48487,79.32%,14.52%,0.67%,1.08%,2.13%,2.28%
719,WILKERSON,48444,64.68%,29.39%,0.45%,0.61%,2.59%,2.27%
720,AHMED,48319,15.69%,22.02%,56.54%,0.36%,3.96%,1.44%
721,BEARD,48207,74.91%,19.61%,0.45%,0.67%,1.99%,2.38%
722,MCCLAIN,48165,61.11%,33.10%,0.36%,0.49%,2.57%,2.37%
723,MONTES,48142,5.46%,0.65%,0.79%,0.30%,0.22%,92.58%
724,MATA,48120,5.86%,0.33%,2.58%,0.34%,0.50%,90.39%
725,ROSARIO,48051,5.73%,1.80%,4.51%,0.10%,0.82%,87.02%
726,VANG,48036,1.37%,(S),96.70%,(S),1.41%,0.42%
